0.796222
0.136371
0.136371
0.136371
0.136371
0.136371
0.136371
0.099588
0.099588
0.099588
0.099588
0.099588
0.099588
0.099588
0.099588
0.099588
0.099588
0.099588
0.099588
0.099588
0.099588
0.099588
0.099588
0.099588
0.099588
0.099588
0.099588
0.099588
0.099588
0.099588
0.099588
0.099588
0.099588
0.099588
0.099588
0.099588
0.099588
0.099588
0.099588
0.099588
0.148628
0.148628
0.148628
0.148628
0.148628
0.148628
0.148628
0.148628
0.148628
0.148628
0.148628
0.148628
0.148628
0.148628
0.148628
0.148628
0.148628
0.148628
0.148628
-0.371213
0.806565
0.148628
0.148628
0.148628
0.148628
0.148628
0.099588
0.099588
0.099588
0.099588
0.099588
0.099588
0.099588
0.099588
0.099588
0.099588
0.099588
0.099588
0.099588
0.099588
0.099588
0.099588
-0.420253
0.757525
0.099588
0.099588
0.099588
0.099588
0.099588
0.099588
0.099588
0.099588
0.099588
0.099588
0.099588
0.099588
0.099588
0.099588
0.099588
0.099588
0.099588
0.099588
0.080514
0.080514
0.080514
0.080514
0.080514
0.080514
0.080514
0.080514
0.099588
0.099588
0.099588
0.099588
0.099588
0.099588
0.099588
0.099588
0.099588
0.099588
0.099588
0.099588
0.099588
0.099588
0.099588
0.099588
0.099588
0.099588
0.099588
0.099588
0.17313
0.17313
0.17313
0.17313
0.17313
0.17313
0.17313
0.17313
0.17313
0.17313
0.17313
0.17313
0.17313
0.17313
0.17313
0.17313
-0.346711
0.831066
0.080514
0.080514
0.080514
0.080514
0.080514
0.080514
0.080514
0.080514
0.080514
-0.439327
0.757525
0.099588
0.099588
0.099588
0.099588
0.099588
0.099588
0.099588
0.099588
0.099588
0.099588
0.099588
0.099588
0.099588
0.099588
0.099588
0.099588
0.099588
0.099588
0.099588
0.099588
0.099588
0.099588
-0.420253
0.794308
0.136371
0.136371
0.136371
0.136371
0.136371
0.136371
0.136371
0.136371
0.136371
0.136371
0.136371
0.136371
0.136371
0.136371
-0.38347
0.794308
0.136371
0.136371
0.136371
0.136371
0.136371
0.136371
0.136371
0.136371
0.136371
0.136371
0.136371
0.136371
0.136371
0.136371
0.136371
0.051915
0.051915
0.051915
0.051915
0.099588
0.099588
0.099588
0.099588
0.099588
0.099588
0.099588
0.099588
0.099588
0.099588
0.099588
0.099588
0.099588
0.099588
0.099588
0.099588
0.099588
0.099588
0.099588
0.099588
0.099588
0.099588
0.148628
0.148628
0.148628
0.148628
0.148628
0.148628
0.148628
0.148628
0.148628
0.148628
0.148628
0.148628
0.148628
0.148628
0.148628
0.148628
0.148628
0.148628
0.148628
0.148628
0.148628
-0.369299
