0.740365
0.080514
0.080514
0.080514
0.080514
0.080514
0.080514
0.080514
0.080514
0.080514
0.080514
0.148628
0.148628
0.148628
0.148628
0.148628
0.148628
0.148628
0.148628
0.070979
0.070979
0.070979
0.070979
0.070979
0.070979
-0.448863
0.728915
0.136371
0.136371
0.136371
0.136371
0.136371
0.136371
0.136371
0.136371
0.136371
0.061446
0.061446
0.061446
0.061446
0.061446
0.061446
0.061446
0.061446
0.061446
0.061446
0.061446
0.061446
0.061446
0.061446
0.061446
0.061446
0.061446
0.061446
0.061446
0.061446
0.061446
0.061446
0.061446
0.061446
0.061446
0.061446
0.061446
0.061446
0.061446
0.061446
0.061446
0.061446
0.124112
0.124112
0.124112
0.124112
0.124112
0.124112
0.124112
0.124112
0.124112
0.124112
0.042389
0.042389
0.099588
0.099588
0.099588
-0.420253
0.757525
0.099588
0.099588
0.099588
0.099588
0.099588
0.099588
0.099588
0.099588
0.099588
-0.420253
0.757525
0.099588
0.099588
0.099588
0.099588
0.099588
0.099588
0.099588
0.099588
0.099588
0.099588
0.099588
0.099588
0.099588
0.099588
0.099588
0.099588
0.099588
0.099588
0.099588
0.099588
0.099588
0.099588
0.099588
0.099588
0.099588
0.099588
0.099588
0.099588
0.099588
0.099588
0.099588
0.099588
0.099588
0.19761
0.19761
0.19761
0.19761
0.19761
0.19761
0.004332
0.004332
0.004332
0.004332
0.004332
0.004332
0.004332
-0.371213
0.806565
0.148628
0.148628
0.148628
0.148628
0.148628
0.148628
0.148628
0.148628
0.148628
0.148628
0.070979
0.070979
0.070979
0.070979
0.070979
0.070979
0.070979
0.070979
0.070979
0.070979
0.070979
0.070979
0.148628
0.148628
0.148628
0.148628
0.148628
0.148628
0.148628
0.148628
0.148628
0.148628
0.148628
0.148628
-0.369299
