0.000451
7.50E-05
7.50E-05
7.50E-05
7.50E-05
7.50E-05
7.50E-05
5.40E-05
5.40E-05
5.40E-05
5.40E-05
5.40E-05
5.40E-05
5.40E-05
5.40E-05
5.40E-05
5.40E-05
5.40E-05
5.40E-05
5.40E-05
5.40E-05
5.40E-05
5.40E-05
5.40E-05
5.40E-05
5.40E-05
5.40E-05
5.40E-05
5.40E-05
5.40E-05
5.40E-05
5.40E-05
5.40E-05
5.40E-05
5.40E-05
5.40E-05
5.40E-05
5.40E-05
5.40E-05
5.40E-05
8.20E-05
8.20E-05
8.20E-05
8.20E-05
8.20E-05
8.20E-05
8.20E-05
8.20E-05
8.20E-05
8.20E-05
8.20E-05
8.20E-05
8.20E-05
8.20E-05
8.20E-05
8.20E-05
8.20E-05
8.20E-05
8.20E-05
-0.000211
0.000458
8.20E-05
8.20E-05
8.20E-05
8.20E-05
8.20E-05
5.40E-05
5.40E-05
5.40E-05
5.40E-05
5.40E-05
5.40E-05
5.40E-05
5.40E-05
5.40E-05
5.40E-05
5.40E-05
5.40E-05
5.40E-05
5.40E-05
5.40E-05
5.40E-05
-0.000239
0.00043
5.40E-05
5.40E-05
5.40E-05
5.40E-05
5.40E-05
5.40E-05
5.40E-05
5.40E-05
5.40E-05
5.40E-05
5.40E-05
5.40E-05
5.40E-05
5.40E-05
5.40E-05
5.40E-05
5.40E-05
5.40E-05
4.30E-05
4.30E-05
4.30E-05
4.30E-05
4.30E-05
4.30E-05
4.30E-05
4.30E-05
5.40E-05
5.40E-05
5.40E-05
5.40E-05
5.40E-05
5.40E-05
5.40E-05
5.40E-05
5.40E-05
5.40E-05
5.40E-05
5.40E-05
5.40E-05
5.40E-05
5.40E-05
5.40E-05
5.40E-05
5.40E-05
5.40E-05
5.40E-05
9.60E-05
9.60E-05
9.60E-05
9.60E-05
9.60E-05
9.60E-05
9.60E-05
9.60E-05
9.60E-05
9.60E-05
9.60E-05
9.60E-05
9.60E-05
9.60E-05
9.60E-05
9.60E-05
-0.000197
0.000472
4.30E-05
4.30E-05
4.30E-05
4.30E-05
4.30E-05
4.30E-05
4.30E-05
4.30E-05
4.30E-05
-0.00025
0.00043
5.40E-05
5.40E-05
5.40E-05
5.40E-05
5.40E-05
5.40E-05
5.40E-05
5.40E-05
5.40E-05
5.40E-05
5.40E-05
5.40E-05
5.40E-05
5.40E-05
5.40E-05
5.40E-05
5.40E-05
5.40E-05
5.40E-05
5.40E-05
5.40E-05
5.40E-05
-0.000239
0.000451
7.50E-05
7.50E-05
7.50E-05
7.50E-05
7.50E-05
7.50E-05
7.50E-05
7.50E-05
7.50E-05
7.50E-05
7.50E-05
7.50E-05
7.50E-05
7.50E-05
-0.000218
0.000451
7.50E-05
7.50E-05
7.50E-05
7.50E-05
7.50E-05
7.50E-05
7.50E-05
7.50E-05
7.50E-05
7.50E-05
7.50E-05
7.50E-05
7.50E-05
7.50E-05
7.50E-05
2.70E-05
2.70E-05
2.70E-05
2.70E-05
5.40E-05
5.40E-05
5.40E-05
5.40E-05
5.40E-05
5.40E-05
5.40E-05
5.40E-05
5.40E-05
5.40E-05
5.40E-05
5.40E-05
5.40E-05
5.40E-05
5.40E-05
5.40E-05
5.40E-05
5.40E-05
5.40E-05
5.40E-05
5.40E-05
5.40E-05
8.20E-05
8.20E-05
8.20E-05
8.20E-05
8.20E-05
8.20E-05
8.20E-05
8.20E-05
8.20E-05
8.20E-05
8.20E-05
8.20E-05
8.20E-05
8.20E-05
8.20E-05
8.20E-05
8.20E-05
8.20E-05
8.20E-05
8.20E-05
8.20E-05
-0.000211