0.783963
0.124112
0.124112
0.124112
0.124112
0.124112
0.124112
0.124112
-0.395729
0.782048
0.124112
0.124112
0.124112
0.124112
0.124112
0.124112
0.124112
0.099588
0.099588
0.099588
0.099588
0.099588
0.099588
0.099588
0.099588
0.099588
0.099588
0.099588
0.099588
0.099588
0.099588
0.099588
0.099588
0.099588
0.099588
0.099588
0.160881
0.160881
0.160881
0.160881
0.160881
0.160881
0.061446
0.061446
0.061446
0.061446
0.124112
0.124112
0.124112
0.124112
0.124112
0.124112
0.124112
0.124112
0.124112
0.124112
0.124112
0.124112
0.124112
0.124112
0.124112
0.124112
0.124112
0.124112
0.124112
0.124112
0.124112
0.124112
0.124112
0.124112
0.124112
0.124112
0.124112
0.124112
0.124112
0.124112
0.124112
0.124112
0.17313
0.17313
0.17313
0.17313
0.17313
0.004332
0.22206
0.22206
0.070979
0.070979
0.070979
0.070979
0.070979
-0.448863
0.728915
0.080514
0.080514
0.080514
0.080514
0.080514
0.080514
0.080514
0.080514
0.099588
0.099588
0.099588
0.099588
0.099588
0.099588
0.099588
0.099588
0.099588
0.099588
0.099588
0.099588
0.099588
0.099588
0.099588
0.099588
0.099588
0.099588
0.099588
0.099588
0.17313
0.17313
0.17313
0.17313
0.17313
0.17313
0.17313
0.17313
0.17313
0.17313
0.17313
0.17313
0.17313
0.17313
0.17313
0.17313
0.17313
0.17313
0.080514
0.080514
0.080514
0.080514
0.080514
0.080514
0.080514
0.080514
-0.439327
0.73845
0.099588
0.099588
0.099588
0.099588
0.099588
0.099588
0.099588
0.099588
0.099588
0.099588
0.099588
0.099588
0.099588
0.099588
0.099588
0.099588
0.099588
0.099588
0.099588
0.099588
0.099588
0.099588
0.099588
0.099588
0.099588
0.099588
0.099588
0.099588
0.099588
0.099588
0.099588
-0.38347
0.794308
0.136371
0.136371
0.136371
0.136371
0.136371
0.136371
0.136371
0.136371
0.136371
0.136371
0.136371
0.136371
0.099588
0.099588
0.099588
0.099588
0.099588
0.099588
0.099588
0.099588
0.099588
0.099588
0.099588
0.099588
0.099588
0.099588
0.099588
-0.420253
0.855546
0.19761
0.19761
0.19761
0.19761
0.19761
0.19761
0.19761
0.19761
0.19761
0.19761
0.19761
0.19761
0.19761
0.19761
0.19761
0.061446
0.061446
0.061446
0.061446
0.061446
0.061446
0.061446
0.061446
0.061446
0.061446
0.061446
0.061446
0.061446
0.061446
0.061446
0.061446
0.061446
0.061446
0.061446
0.061446
0.061446
0.061446
0.061446
0.061446
0.099588
0.099588
0.099588
0.099588
0.099588
0.099588
0.099588
0.099588
0.099588
0.099588
0.099588
0.099588
0.099588
0.099588
0.099588
0.099588
0.099588
-0.418339
