0.000419
4.30E-05
4.30E-05
4.30E-05
4.30E-05
4.30E-05
4.30E-05
4.30E-05
4.30E-05
4.30E-05
4.30E-05
8.20E-05
8.20E-05
8.20E-05
8.20E-05
8.20E-05
8.20E-05
8.20E-05
8.20E-05
3.80E-05
3.80E-05
3.80E-05
3.80E-05
3.80E-05
3.80E-05
-0.000255
0.000414
7.50E-05
7.50E-05
7.50E-05
7.50E-05
7.50E-05
7.50E-05
7.50E-05
7.50E-05
7.50E-05
3.20E-05
3.20E-05
3.20E-05
3.20E-05
3.20E-05
3.20E-05
3.20E-05
3.20E-05
3.20E-05
3.20E-05
3.20E-05
3.20E-05
3.20E-05
3.20E-05
3.20E-05
3.20E-05
3.20E-05
3.20E-05
3.20E-05
3.20E-05
3.20E-05
3.20E-05
3.20E-05
3.20E-05
3.20E-05
3.20E-05
3.20E-05
3.20E-05
3.20E-05
3.20E-05
3.20E-05
3.20E-05
6.80E-05
6.80E-05
6.80E-05
6.80E-05
6.80E-05
6.80E-05
6.80E-05
6.80E-05
6.80E-05
6.80E-05
2.10E-05
2.10E-05
5.40E-05
5.40E-05
5.40E-05
-0.000239
0.00043
5.40E-05
5.40E-05
5.40E-05
5.40E-05
5.40E-05
5.40E-05
5.40E-05
5.40E-05
5.40E-05
-0.000239
0.00043
5.40E-05
5.40E-05
5.40E-05
5.40E-05
5.40E-05
5.40E-05
5.40E-05
5.40E-05
5.40E-05
5.40E-05
5.40E-05
5.40E-05
5.40E-05
5.40E-05
5.40E-05
5.40E-05
5.40E-05
5.40E-05
5.40E-05
5.40E-05
5.40E-05
5.40E-05
5.40E-05
5.40E-05
5.40E-05
5.40E-05
5.40E-05
5.40E-05
5.40E-05
5.40E-05
5.40E-05
5.40E-05
5.40E-05
0.000109
0.000109
0.000109
0.000109
0.000109
0.000109
0
0
0
0
0
0
0
-0.000211
0.000458
8.20E-05
8.20E-05
8.20E-05
8.20E-05
8.20E-05
8.20E-05
8.20E-05
8.20E-05
8.20E-05
8.20E-05
3.80E-05
3.80E-05
3.80E-05
3.80E-05
3.80E-05
3.80E-05
3.80E-05
3.80E-05
3.80E-05
3.80E-05
3.80E-05
3.80E-05
8.20E-05
8.20E-05
8.20E-05
8.20E-05
8.20E-05
8.20E-05
8.20E-05
8.20E-05
8.20E-05
8.20E-05
8.20E-05
8.20E-05
-0.000211