0.808479
0.148628
0.148628
0.148628
0.148628
0.148628
0.148628
0.099588
0.099588
0.099588
0.099588
0.099588
0.099588
0.099588
0.099588
0.099588
0.099588
0.099588
0.099588
0.099588
0.051915
0.051915
0.051915
0.051915
0.148628
0.148628
0.148628
0.148628
0.148628
0.148628
0.148628
0.148628
0.051915
0.051915
0.051915
0.051915
0.148628
0.148628
0.148628
0.148628
0.148628
0.148628
0.148628
0.148628
0.148628
0.148628
0.148628
0.148628
0.148628
0.148628
0.148628
0.148628
0.136371
0.136371
0.136371
-0.38347
0.794308
0.080514
0.080514
0.080514
0.080514
0.080514
0.124112
0.124112
0.124112
0.124112
0.124112
0.124112
0.124112
0.124112
0.124112
0.124112
0.124112
0.124112
0.124112
0.124112
0.124112
0.124112
0.124112
0.124112
0.124112
0.124112
0.124112
0.124112
0.124112
0.051915
0.051915
0.051915
0.051915
0.051915
0.051915
0.051915
0.051915
0.051915
0.051915
0.051915
0.051915
0.051915
0.051915
0.051915
0.124112
0.124112
0.124112
0.124112
0.124112
0.124112
0.124112
0.124112
0.124112
0.124112
0.124112
0.124112
0.124112
0.080514
0.080514
0.080514
0.080514
0.080514
0.080514
0.080514
0.080514
0.080514
0.080514
0.080514
0.080514
0.080514
0.080514
0.080514
0.080514
0.080514
0.080514
0.080514
0.080514
0.080514
0.080514
0.080514
0.080514
0.080514
0.080514
0.080514
0.080514
0.080514
0.080514
0.136371
0.136371
0.136371
0.136371
0.136371
0.136371
0.136371
0.136371
0.136371
0.099588
0.099588
0.099588
0.099588
0.099588
0.099588
0.099588
0.099588
-0.420253
0.757525
0.099588
0.099588
0.099588
0.099588
0.099588
0.099588
0.099588
0.099588
0.099588
0.099588
0.099588
0.099588
0.099588
0.099588
0.099588
0.099588
0.099588
0.099588
0.099588
0.099588
0.099588
0.099588
0.099588
0.099588
0.099588
0.099588
0.099588
0.099588
0.099588
0.099588
0.099588
0.099588
0.099588
0.19761
0.19761
0.19761
0.19761
0.19761
0.19761
0.004332
0.004332
0.004332
0.004332
0.004332
0.004332
0.004332
-0.371213
0.806565
0.148628
0.148628
0.148628
0.148628
0.148628
0.148628
0.148628
0.148628
0.148628
0.148628
0.070979
0.070979
0.070979
0.070979
0.070979
0.070979
0.070979
0.070979
0.070979
0.070979
0.070979
0.070979
0.148628
0.148628
0.148628
0.148628
0.148628
0.148628
0.148628
0.148628
0.148628
0.148628
0.148628
0.148628
-0.369299
