0.000444
6.80E-05
6.80E-05
6.80E-05
6.80E-05
6.80E-05
6.80E-05
6.80E-05
-0.000225
0.000444
6.80E-05
6.80E-05
6.80E-05
6.80E-05
6.80E-05
6.80E-05
6.80E-05
5.40E-05
5.40E-05
5.40E-05
5.40E-05
5.40E-05
5.40E-05
5.40E-05
5.40E-05
5.40E-05
5.40E-05
5.40E-05
5.40E-05
5.40E-05
5.40E-05
5.40E-05
5.40E-05
5.40E-05
5.40E-05
5.40E-05
8.90E-05
8.90E-05
8.90E-05
8.90E-05
8.90E-05
8.90E-05
3.20E-05
3.20E-05
3.20E-05
3.20E-05
6.80E-05
6.80E-05
6.80E-05
6.80E-05
6.80E-05
6.80E-05
6.80E-05
6.80E-05
6.80E-05
6.80E-05
6.80E-05
6.80E-05
6.80E-05
6.80E-05
6.80E-05
6.80E-05
6.80E-05
6.80E-05
6.80E-05
6.80E-05
6.80E-05
6.80E-05
6.80E-05
6.80E-05
6.80E-05
6.80E-05
6.80E-05
6.80E-05
6.80E-05
6.80E-05
6.80E-05
6.80E-05
9.60E-05
9.60E-05
9.60E-05
9.60E-05
9.60E-05
0
0.000123
0.000123
3.80E-05
3.80E-05
3.80E-05
3.80E-05
3.80E-05
-0.000255
0.000414
4.30E-05
4.30E-05
4.30E-05
4.30E-05
4.30E-05
4.30E-05
4.30E-05
4.30E-05
5.40E-05
5.40E-05
5.40E-05
5.40E-05
5.40E-05
5.40E-05
5.40E-05
5.40E-05
5.40E-05
5.40E-05
5.40E-05
5.40E-05
5.40E-05
5.40E-05
5.40E-05
5.40E-05
5.40E-05
5.40E-05
5.40E-05
5.40E-05
9.60E-05
9.60E-05
9.60E-05
9.60E-05
9.60E-05
9.60E-05
9.60E-05
9.60E-05
9.60E-05
9.60E-05
9.60E-05
9.60E-05
9.60E-05
9.60E-05
9.60E-05
9.60E-05
9.60E-05
9.60E-05
4.30E-05
4.30E-05
4.30E-05
4.30E-05
4.30E-05
4.30E-05
4.30E-05
4.30E-05
-0.00025
0.000419
5.40E-05
5.40E-05
5.40E-05
5.40E-05
5.40E-05
5.40E-05
5.40E-05
5.40E-05
5.40E-05
5.40E-05
5.40E-05
5.40E-05
5.40E-05
5.40E-05
5.40E-05
5.40E-05
5.40E-05
5.40E-05
5.40E-05
5.40E-05
5.40E-05
5.40E-05
5.40E-05
5.40E-05
5.40E-05
5.40E-05
5.40E-05
5.40E-05
5.40E-05
5.40E-05
5.40E-05
-0.000218
0.000451
7.50E-05
7.50E-05
7.50E-05
7.50E-05
7.50E-05
7.50E-05
7.50E-05
7.50E-05
7.50E-05
7.50E-05
7.50E-05
7.50E-05
5.40E-05
5.40E-05
5.40E-05
5.40E-05
5.40E-05
5.40E-05
5.40E-05
5.40E-05
5.40E-05
5.40E-05
5.40E-05
5.40E-05
5.40E-05
5.40E-05
5.40E-05
-0.000239
0.000486
0.000109
0.000109
0.000109
0.000109
0.000109
0.000109
0.000109
0.000109
0.000109
0.000109
0.000109
0.000109
0.000109
0.000109
0.000109
3.20E-05
3.20E-05
3.20E-05
3.20E-05
3.20E-05
3.20E-05
3.20E-05
3.20E-05
3.20E-05
3.20E-05
3.20E-05
3.20E-05
3.20E-05
3.20E-05
3.20E-05
3.20E-05
3.20E-05
3.20E-05
3.20E-05
3.20E-05
3.20E-05
3.20E-05
3.20E-05
3.20E-05
5.40E-05
5.40E-05
5.40E-05
5.40E-05
5.40E-05
5.40E-05
5.40E-05
5.40E-05
5.40E-05
5.40E-05
5.40E-05
5.40E-05
5.40E-05
5.40E-05
5.40E-05
5.40E-05
5.40E-05
-0.000239